 2.31600000e+02 3.26900000e-04
 2.41200000e+02 3.26900000e-04
 2.51200000e+02 3.26900000e-04
 2.61600000e+02 3.26900000e-04
 2.72450000e+02 3.26900000e-04
 2.83750000e+02 3.26900000e-04
 2.95000000e+02 3.26900000e-04
 3.07800000e+02 3.26899895e-04
 3.20550000e+02 3.26895160e-04
 3.33850000e+02 3.26824543e-04
 3.47700000e+02 3.26359491e-04
 3.62100000e+02 3.24120738e-04
 3.77100000e+02 3.14757517e-04
 3.92750000e+02 2.81705931e-04
 4.09050000e+02 2.01265891e-04
 4.26000000e+02 1.25729803e-04
 4.43650000e+02 1.49877898e-04
 4.62050000e+02 2.24369177e-04
 4.81000000e+02 3.17776031e-04
 5.00000000e+02 3.27020644e-04
 5.20000000e+02 3.27020644e-04
