 2.31600000e+02 3.73397069e-04
 2.41200000e+02 3.73383730e-04
 2.51200000e+02 3.73326592e-04
 2.61600000e+02 3.73096709e-04
 2.72450000e+02 3.72229051e-04
 2.83750000e+02 3.69240791e-04
 2.95000000e+02 3.61007453e-04
 3.07800000e+02 3.44501487e-04
 3.20550000e+02 3.33179171e-04
 3.33850000e+02 3.32255903e-04
 3.47700000e+02 3.32098853e-04
 3.62100000e+02 3.31305876e-04
 3.77100000e+02 3.27944153e-04
 3.92750000e+02 3.15346842e-04
 4.09050000e+02 2.77334296e-04
 4.26000000e+02 2.07881657e-04
 4.43650000e+02 1.80610702e-04
 4.62050000e+02 2.42028240e-04
 4.81000000e+02 3.27293025e-04
 5.00000000e+02 3.32346717e-04
 5.20000000e+02 3.32346717e-04
