 2.31600000e+02 4.22893950e-04
 2.41200000e+02 4.22866411e-04
 2.51200000e+02 4.22748457e-04
 2.61600000e+02 4.22274014e-04
 2.72450000e+02 4.20484966e-04
 2.83750000e+02 4.14342844e-04
 2.95000000e+02 3.97556043e-04
 3.07800000e+02 3.64173660e-04
 3.20550000e+02 3.40296939e-04
 3.33850000e+02 3.37999847e-04
 3.47700000e+02 3.37948313e-04
 3.62100000e+02 3.37639442e-04
 3.77100000e+02 3.36362104e-04
 3.92750000e+02 3.31472901e-04
 4.09050000e+02 3.15534692e-04
 4.26000000e+02 2.77361078e-04
 4.43650000e+02 2.35767188e-04
 4.62050000e+02 2.63214595e-04
 4.81000000e+02 3.35985976e-04
 5.00000000e+02 3.38044626e-04
 5.20000000e+02 3.38044626e-04
