 2.31600000e+02 3.35899433e-04
 2.41200000e+02 3.35896851e-04
 2.51200000e+02 3.35885791e-04
 2.61600000e+02 3.35841287e-04
 2.72450000e+02 3.35673193e-04
 2.83750000e+02 3.35092882e-04
 2.95000000e+02 3.33484209e-04
 3.07800000e+02 3.30240805e-04
 3.20550000e+02 3.28085294e-04
 3.33850000e+02 3.27876297e-04
 3.47700000e+02 3.27475825e-04
 3.62100000e+02 3.25539302e-04
 3.77100000e+02 3.17414032e-04
 3.92750000e+02 2.88396844e-04
 4.09050000e+02 2.14837845e-04
 4.26000000e+02 1.36832108e-04
 4.43650000e+02 1.54545781e-04
 4.62050000e+02 2.28573447e-04
 4.81000000e+02 3.16855462e-04
 5.00000000e+02 3.28045576e-04
 5.20000000e+02 3.28045576e-04
