270.0 8810.62 441.60554 5.0 255.891820209
280.0 9306.05 441.33774 5.0 265.231287513
290.0 9868.43 441.45825 5.0 275.571003197
300.0 10390.64 441.1235 5.0 284.996092502
310.0 10966.41 440.96282 5.0 295.292332416
320.0 11502.01 440.454 5.0 304.719204142
330.0 12051.0 439.82467 5.0 314.023633028
340.0 12747.28 439.06144 5.0 325.333980288
350.0 13323.05 437.32074 5.0 334.566463719
360.0 13885.43 434.1607 5.0 343.703083505
370.0 14474.59 428.59046 5.0 353.572052252
380.0 15063.75 418.68186 5.0 363.63589159
390.0 15760.03 400.53841 5.0 375.376372828
400.0 16349.19 374.89656 5.0 385.047592897
410.0 16951.74 343.13548 5.0 394.691073319
420.0 17714.97 309.68726 5.0 406.47940767
430.0 18371.08 281.59504 5.0 416.342733277
445.0 19482.45 276.72108 5.0 431.819606171
460.0 20526.87 291.98568 5.0 445.53086936
475.0 21665.02 329.43751 5.0 459.959631033
490.0 22829.95 375.75352 5.0 474.367522069
505.0 23981.49 411.06295 5.0 488.281484982
520.0 25266.93 432.12542 5.0 503.60733355
535.0 26472.03 437.30735 5.0 517.890816444
550.0 27744.08 437.07972 5.0 532.637264213
565.0 28989.35 436.27632 5.0 546.634917464
580.0 30381.91 434.81681 5.0 561.940048499
600.0 32243.12 431.91118 5.0 581.901111438
620.0 33836.53 429.51437 5.0 598.447137629
640.0 36153.0 427.064 5.0 621.514503511
660.0 38188.28 424.96177 5.0 641.059920399
680.0 40357.46 424.57346 5.0 661.214552602
700.0 42620.37 425.80534 5.0 681.42638523
720.0 44843.11 429.94285 5.0 700.625005465
740.0 47293.48 431.30863 5.0 721.470980531
765.0 50279.45 432.52712 5.0 745.871658666
